6505
7851
3407
2360
3471
4859
4101
7859
5323
9293
3175
1874
1862
8819
3154
5049
4085
1736
6388
8228
5376
6931
4411
6592
8181
7528
8146
4216
9932
9597
6946
7684
6647
4233
3027
2658
6781
4204
4321
2770
6369
1152
1009
1947
9179
2160
5813
6764
9967
1731
2736
2588
520
6604
9223
4455
976
7721
42
7378
5957
967
8844
5310
156
3482
9349
7899
3691
2978
1627
6354
609
7889
8371
7332
933
6048
2685
5695
4677
9819
3054
4287
7020
2478
5818
6506
6301
5684
9958
3728
1598
6677
2582
6499
132
7455
7261
868
9710
9728
4324
6683
5942
5703
9633
7905
5697
3600
8754
4742
8413
7311
1157
8619
8538
1434
6406
6411
8058
1129
7695
6207
4046
6521
5698
1053
8787
5174
8244
3827
2039
5844
8375
4929
1955
5377
1064
6393
8335
3046
5607
2805
141
2638
6196
7975
4645
2099
8386
7561
3290
9639
6551
3769
1763
358
6609
6329
4565
8828
1751
3882
146
9459
2132
5031
1359
1647
3209
5503
1195
8885
3647
9454
3677
8701
4826
1753
7594
7736
6194
6391
7116
2185
4771
6394
9134
4176
6307
2091
8578
579
4452
229
2088
9173
2829
1087
5432
7585
2107
8130
6495
7631
289
5480
7556
4755
9016
6584
8789
6562
2675
1675
5580
1991
6646
1066
9104
7567
3082
223
1259
7604
2825
8192
4167
5758
1326
5104
4944
5435
7313
9702
6018
3815
3314
3430
4647
8128
8544
2163
9113
3255
632
9277
6812
4110
6925
4544
983
5690
9227
2127
3073
4033
4466
8403
452
1345
4353
5387
8142
4627
5638
38
7220
3022
9638
2194
7613
4247
3919
7906
6130
1672
8675
4041
7097
3157
7208
7728
9270
2807
1960
2652
2336
6493
8746
3612
5258
1103
6012
6197
5162
3506
591
3018
4751
6944
1888
2842
8975
5369
6848
7962
8056
4087
9863
2832
4997
3988
509
2145
6849
3116
2168
6169
6542
1106
3447
3261
6342
2028
4425
171
2955
4242
595
5052
9894
1031
3792
2106
6987
6024
3131
9313
1072
7283
5941
2171
9752
8274
2663
3284
9899
3796
7153
143
9966
8197
890
2967
2727
6662
4307
1822
7046
2590
1069
1529
3435
2649
1686
3736
8758
7666
6027
5197
8687
1873
4898
4162
4375
4640
7482
8376
7724
4514
8853
6387
3240
909
1952
2589
1570
6267
4589
6915
2752
7295
2849
7710
8313
9851
5513
9409
536
8904
9975
3878
7726
8893
5299
3801
4566
5157
9865
2407
4214
1551
2323
8425
7865
4702
8448
2483
5352
6520
4543
6484
2378
7439
746
8713
179
5855
100
4472
7808
6533
5894
3944
5188
8773
8806
7723
1854
2327
7067
8148
9159
9996
6784
8900
3156
9300
1575
8918
8381
7549
8481
5692
4138
3616
8572
7411
9703
4710
3938
7158
5297
3978
56
9788
6785
2503
4772
1484
7943
620
9760
8603
267
9670
1655
5304
4456
2700
7661
130
764
643
1918
5202
5244
1545
5543
6738
1222
3426
6874
4024
8383
8486
9211
4161
5745
984
9841
2291
2499
7493
6258
8661
9435
1869
5439
5760
9127
7568
2694
7198
5430
8124
3394
1599
654
2301
6487
2896
1301
7762
6322
4073
9562
8708
2227
457
1661
9511
1041
8188
8917
8269
1203
3957
494
9078
1368
6075
565
6314
5241
6062
9054
1970
6945
6992
1373
9433
9924
4648
2929
4675
3146
1742
1133
1337
8495
5404
6690
6617
907
7743
9282
340
7181
5563
1311
1757
1671
5481
5220
328
5086
365
3560
1270
6370
1658
4896
497
5227
3230
8426
7649
5701
6581
8811
7421
4747
202
6217
2152
6139
7189
3584
8446
3903
8482
3420
9651
3675
2025
2763
3145
3211
880
5380
253
7177
3873
9066
5641
4397
8749
9056
5596
16
9369
6771
1520
7588
5631
9520
9496
503
8109
5980
3512
6231
8341
294
3619
5261
9982
4155
7441
4043
3552
4788
1628
5828
4741
5421
2094
2729
6458
7539
947
8002
7770
6872
2587
9208
5628
2243
2526
2659
8434
9628
2952
2997
8999
8245
761
5962
1209
2708
9239
9542
5618
194
1704
5738
2576
6842
7300
6161
1886
2791
2876
3241
1664
7680
3405
7294
421
9684
7275
6998
738
1506
8019
4210
5675
3226
17
447
6254
9261
7566
4318
9438
2461
8230
1840
3354
6131
4060
7432
6822
3526
7623
1950
3814
6473
8499
2960
2938
8282
1020
5582
4684
1063
8416
2257
3570
5159
1249
7009
2102
6433
4676
2728
2654
2680
2222
2434
4833
881
5396
1488
4987
3998
4217
8166
8710
7931
7268
1642
5709
2877
1651
4271
2029
6381
9509
5625
6624
3670
4650
6607
7064
1607
9908
4537
7818
8240
2513
5935
8653
20
9316
8316
2714
3335
7603
7989
3611
299
3842
9419
3001
697
8490
3804
8007
2043
5812
4592
2439
8795
7236
9302
3790
1018
5307
1296
6390
5665
6970
5810
9691
1164
6917
8547
8712
1584
694
6199
7614
6507
7648
2636
3119
4418
710
5737
857
4729
9296
2064
1646
6210
3737
7161
4236
7857
1864
4221
2055
3723
3816
1344
5624
6483
3837
8630
7350
4952
9247
8928
4789
651
1527
2644
852
8168
902
7062
4575
4202
5079
4479
9348
489
3215
3947
481
6531
4540
8357
1407
8196
6037
1189
5984
3967
5058
7650
9115
6320
5749
1177
2266
5024
6660
1229
72
3357
4774
3637
3935
6736
298
7937
4712
3520
3664
7139
5528
9421
6226
190
9376
460
7590
7824
1583
1111
7216
9557
2446
5247
7696
6951
6228
6956
3347
4547
5231
619
3275
9189
8756
9428
8688
7464
1331
3753
2753
9731
6659
1595
4784
7260
9276
8533
2050
2426
9611
8618
3128
6249
2776
8399
9364
3522
6287
702
1440
9689
551
7413
296
3781
3662
9072
987
8672
2137
260
7595
6860
5207
705
8397
859
1805
2618
3011
4738
8405
2224
3764
1744
8132
3706
8330
7031
4252
2656
4082
2939
7245
8994
7381
571
6727
3189
3429
1174
3
9631
4081
9340
7278
789
7201
3896
2970
2919
6912
1523
3717
